-0.0437138694031 -0.16970343667
0.131225044752 -0.168519332832
-0.0989482530634 -0.186906851488
0.0703799879961 0.00388331833179
0.091213763468 0.0900045915036
0.0845662167992 -0.105461871814
-0.0836378035336 -0.0410177324958
-0.0386362526832 -0.0724794117773
0.207845482215 -0.0886834756322
-0.182229067633 -0.195338486547
-0.163507179696 -0.191879012067
0.16185067068 0.141217912512
-0.179407853333 -0.0643252211308
0.0265018672095 -0.156993436434
0.0808321474568 -0.122090803198
-0.0262633854918 -0.205287940098
0.112075110713 0.0480951514638
0.124124236217 0.00791579849931
0.138557917081 -0.135698769507
-0.0938543059125 0.140688392941
-0.177203478881 -0.189935159609
0.00560609809135 -0.0914672560604
0.0038136160494 0.0286627419565
-0.135801037604 -0.069870560182
0.112453067055 0.163045905508
-0.0502939330701 -0.114096952806
-0.0899678294346 0.193240183672
-0.160771419398 -0.0257891833001
-0.0886182540583 0.0628017240655
-0.143258600238 -0.0741833571282
-0.0311742180235 0.204169332474
0.208382448751 0.136278592244
